# x y
-164.732162 -95.141876
-165.232434 -95.142688
-165.732706 -95.143500
-166.232978 -95.144312
-166.733251 -95.145124
-167.233523 -95.145936
-167.733795 -95.146748
-168.234067 -95.147560
-168.734339 -95.148372
-169.234611 -95.149184
-169.734883 -95.149996
-170.235156 -95.150808
-170.735428 -95.151620
-171.235700 -95.152432
-171.735972 -95.153244
-172.236244 -95.154056
-172.736516 -95.154868
-173.236789 -95.155680
-173.737061 -95.156492
-174.237333 -95.157304
-174.737605 -95.158116
-175.237877 -95.158928
-175.738149 -95.159740
-176.238421 -95.160552
-176.738694 -95.161364
-177.238966 -95.162176
-177.739238 -95.162988
-178.239510 -95.163800
-178.739782 -95.164612
-179.240054 -95.165424
-179.740326 -95.166236
-180.240599 -95.167048
-180.740871 -95.167860
-181.241143 -95.168672
-181.741415 -95.169484
-182.241687 -95.170296
-182.741959 -95.171108
-183.242231 -95.171920
-183.742504 -95.172732
-184.242776 -95.173544
-184.743048 -95.174356
-185.243320 -95.175168
-185.743592 -95.175980
-186.243864 -95.176792
-186.744137 -95.177604
-187.244409 -95.178416
-187.744681 -95.179228
-188.244953 -95.180040
-188.745225 -95.180852
-189.245497 -95.181664
-189.745769 -95.182476
-190.246042 -95.183288
-190.746314 -95.184100
-191.246586 -95.184912
-191.746858 -95.185724
-192.247130 -95.186536
-192.747402 -95.187348
-193.247674 -95.188160
-193.747947 -95.188972
-194.248219 -95.189784
-194.748491 -95.190596
-195.248763 -95.191408
-195.749035 -95.192220
-196.249307 -95.193032
-196.749579 -95.193844
-197.249852 -95.194656
-197.750124 -95.195468
-198.250396 -95.196280
-198.750668 -95.197092
-199.250940 -95.197904
-199.751212 -95.198716
-200.251485 -95.199528
-200.751757 -95.200340
-201.252029 -95.201152
-201.752301 -95.201964
-202.252573 -95.202776
-202.752845 -95.203588
-203.253117 -95.204400
-203.753390 -95.205212
-204.253662 -95.206024
-204.753934 -95.206836
-205.254206 -95.207648
-205.754478 -95.208460
-206.254750 -95.209272
-206.755022 -95.210084
-207.255295 -95.210896
-207.755567 -95.211708
-208.255839 -95.212520
-208.756111 -95.213332
-209.256383 -95.214144
-209.756655 -95.214956
-210.256927 -95.215768
-210.757200 -95.216580
-211.257472 -95.217392
-211.757744 -95.218204
-212.258016 -95.219016
-212.758288 -95.219828
-213.258560 -95.220640
-213.758833 -95.221452
-214.259105 -95.222264
-214.759377 -95.223076
-215.259649 -95.223888
-215.759921 -95.224700
-216.260193 -95.225512
-216.760465 -95.226324
-217.260738 -95.227136
-217.761010 -95.227948
-218.261282 -95.228760
-218.761554 -95.229572
-219.261826 -95.230384
-219.762098 -95.231196
-220.262370 -95.232008
-220.762643 -95.232820
-221.262915 -95.233632
-221.763187 -95.234444
-222.263459 -95.235256
-222.763731 -95.236068
-223.264003 -95.236881
-223.764275 -95.237693
-224.264548 -95.238505
-224.764820 -95.239317
-225.265092 -95.240129
-225.765364 -95.240941
-226.265636 -95.241753
-226.765908 -95.242565
-227.266181 -95.243377
-227.766453 -95.244189
-228.266725 -95.245001
-228.766997 -95.245813
-229.267269 -95.246625
-229.767541 -95.247437
-230.267813 -95.248249
-230.768086 -95.249061
-231.268358 -95.249873
-231.768630 -95.250684
-232.268902 -95.251338
-232.769175 -95.251263
-233.269445 -95.249834
-233.769706 -95.246458
-234.269944 -95.240572
-234.770136 -95.231641
-235.270252 -95.219148
-235.770250 -95.202631
-236.270081 -95.181656
-236.769684 -95.155815
-237.268988 -95.124737
-237.767913 -95.088079
-238.266369 -95.045524
-238.764255 -94.996750
-239.261470 -94.941549
-239.757901 -94.879703
-240.253432 -94.811022
-240.747934 -94.735282
-241.241285 -94.652379
-241.733363 -94.562227
-242.224032 -94.464701
-242.713158 -94.359705
-243.200627 -94.247270
-243.686295 -94.127294
-244.170043 -93.999800
-244.651760 -93.864830
-245.131299 -93.722318
-245.608584 -93.572427
-246.083457 -93.415064
-246.555862 -93.250440
-247.025651 -93.078493
-247.492767 -92.899412
-247.957099 -92.713230
-248.418559 -92.520039
-248.877094 -92.320006
-249.332584 -92.113131
-249.784990 -91.899596
-250.234254 -91.679529
-250.680291 -91.452989
-251.123042 -91.220095
-251.562478 -90.981004
-251.998547 -90.735827
-252.431203 -90.484673
-252.860369 -90.227601
-253.286040 -89.964785
-253.708181 -89.696333
-254.126755 -89.422354
-254.541731 -89.142955
-254.953080 -88.858242
-255.360772 -88.568317
-255.764783 -88.273284
-256.165087 -87.973240
-256.561661 -87.668282
-256.954482 -87.358506
-257.343529 -87.044003
-257.728782 -86.724863
-258.110220 -86.401173
-258.487822 -86.073017
-258.861570 -85.740477
-259.231443 -85.403633
-259.597422 -85.062562
-259.959485 -84.717337
-260.317612 -84.368031
-260.671782 -84.014713
-261.021973 -83.657451
-261.368161 -83.296309
-261.710324 -82.931350
-262.048436 -82.562635
-262.382471 -82.190223
-262.712402 -81.814170
-263.038186 -81.434519
-263.359797 -81.051326
-263.677215 -80.664653
-263.990408 -80.274550
-264.299341 -79.881064
-264.603978 -79.484245
-264.904284 -79.084136
-265.200218 -78.680784
-265.491741 -78.274232
-265.778809 -77.864522
-266.061380 -77.451698
-266.339407 -77.035800
-266.612843 -76.616869
-266.881627 -76.194938
-267.145722 -75.770056
-267.405075 -75.342264
-267.659633 -74.911601
-267.909341 -74.478108
-268.154141 -74.041825
-268.393974 -73.602791
-268.628782 -73.161050
-268.858498 -72.716640
-269.083049 -72.269597
-269.302383 -71.819972
-269.516437 -71.367809
-269.725145 -70.913155
-269.928444 -70.456056
-270.126269 -69.996562
-270.318556 -69.534723
-270.505242 -69.070592
-270.686203 -68.604199
-270.861430 -68.135621
-271.030867 -67.664919
-271.194459 -67.192153
-271.352084 -66.717365
-271.503729 -66.240633
-271.649373 -65.762034
-271.788909 -65.281619
-271.922316 -64.799465
-272.049613 -64.315663
-272.170647 -63.830256
-272.285529 -63.343356
-272.394152 -62.855022
-272.496583 -62.365351
-272.592770 -61.874416
-272.682804 -61.382315
-272.766631 -60.889119
-272.844402 -60.394931
-272.916092 -59.899825
-272.981840 -59.403894
-273.041766 -58.907227
-273.095914 -58.409896
-273.144497 -57.911990
-273.187682 -57.413587
-273.225640 -56.914759
-273.258569 -56.415573
-273.286748 -55.916096
-273.310444 -55.416387
-273.329953 -54.916496
-273.345600 -54.416469
-273.357723 -53.916344
-273.366731 -53.416153
-273.373038 -52.915921
-273.377090 -52.415665
-273.379359 -51.915397
-273.380346 -51.415125
-273.380580 -50.914853
-273.380584 -50.414580
-273.380585 -49.914307
-273.380585 -49.414034
-273.380585 -48.913761
-273.380585 -48.413489
-273.380585 -47.913216
-273.380585 -47.412943
-273.380585 -46.912670
-273.380585 -46.412397
-273.380585 -45.912125
-273.380585 -45.411852
-273.380585 -44.911579
-273.380585 -44.411306
-273.380585 -43.911033
-273.380585 -43.410761
-273.380585 -42.910488
-273.380585 -42.410215
-273.380585 -41.909942
-273.380585 -41.409669
-273.380585 -40.909397
-273.380585 -40.409124
-273.380585 -39.908851
-273.380585 -39.408578
-273.380585 -38.908305
-273.380585 -38.408032
-273.380585 -37.907760
-273.380585 -37.407487
-273.380585 -36.907214
-273.380585 -36.406941
-273.380585 -35.906668
-273.380585 -35.406396
-273.380585 -34.906123
-273.380585 -34.405850
-273.380585 -33.905577
-273.380585 -33.405304
-273.380585 -32.905032
-273.380585 -32.404759
-273.380585 -31.904486
-273.380585 -31.404213
-273.380585 -30.903940
-273.380585 -30.403668
-273.380585 -29.903395
-273.380585 -29.403122
-273.380585 -28.902849
-273.380585 -28.402576
-273.380585 -27.902304
-273.380585 -27.402031
-273.380585 -26.901758
-273.380585 -26.401485
-273.380585 -25.901212
-273.380585 -25.400939
-273.380585 -24.900667
-273.380585 -24.400394
-273.380585 -23.900121
-273.380585 -23.399848
-273.380585 -22.899575
-273.380585 -22.399303
-273.380585 -21.899030
-273.380585 -21.398757
-273.380585 -20.898484
-273.380585 -20.398211
-273.380585 -19.897939
-273.380585 -19.397666
-273.380585 -18.897393
-273.380585 -18.397120
-273.380585 -17.896847
-273.380585 -17.396575
-273.380585 -16.896302
-273.380585 -16.396029
-273.380585 -15.895756
-273.380585 -15.395483
-273.380585 -14.895211
-273.380585 -14.394938
-273.380585 -13.894665
-273.380585 -13.394392
-273.380585 -12.894119
-273.380585 -12.393846
-273.380585 -11.893574
-273.380585 -11.393301
-273.380585 -10.893028
-273.380585 -10.392755
-273.380585 -9.892482
-273.380585 -9.392210
-273.380585 -8.891937
-273.380585 -8.391664
-273.380585 -7.891391
-273.380585 -7.391118
-273.380585 -6.890846
-273.380585 -6.390573
-273.380585 -5.890300
-273.380585 -5.390027
-273.380585 -4.889754
-273.380585 -4.389482
-273.380585 -3.889209
-273.380585 -3.388936
-273.380585 -2.888663
-273.380585 -2.388390
-273.380585 -1.888118
-273.380585 -1.387845
-273.380585 -0.887572
-273.380585 -0.387299
-273.380585 0.112974
-273.380585 0.613246
-273.380585 1.113519
-273.380585 1.613792
-273.380585 2.114065
-273.380585 2.614338
-273.380585 3.114611
-273.380585 3.614883
-273.380585 4.115156
-273.380585 4.615429
-273.380585 5.115702
-273.380585 5.615975
-273.380585 6.116247
-273.380585 6.616520
-273.380585 7.116793
-273.380585 7.617066
-273.380585 8.117339
-273.380585 8.617611
-273.380585 9.117884
-273.380585 9.618157
-273.380585 10.118430
-273.380585 10.618703
-273.380585 11.118975
-273.380585 11.619248
-273.380585 12.119521
-273.380585 12.619794
-273.380585 13.120067
-273.380585 13.620339
-273.380585 14.120612
-273.380585 14.620885
-273.380585 15.121158
-273.380585 15.621431
-273.380585 16.121704
-273.380585 16.621976
-273.380585 17.122249
-273.380585 17.622522
-273.380585 18.122795
-273.380585 18.623068
-273.380585 19.123340
-273.380585 19.623613
-273.380585 20.123886
-273.380585 20.624159
-273.380585 21.124432
-273.380585 21.624704
-273.380585 22.124977
-273.380585 22.625250
-273.380585 23.125523
-273.380585 23.625796
-273.380585 24.126068
-273.380585 24.626341
-273.380585 25.126614
-273.380585 25.626887
-273.380585 26.127160
-273.380585 26.627432
-273.380585 27.127705
-273.380585 27.627978
-273.380585 28.128251
-273.380585 28.628524
-273.380585 29.128797
-273.380585 29.629069
-273.380585 30.129342
-273.380585 30.629615
-273.380585 31.129888
-273.380585 31.630161
-273.380585 32.130433
-273.380585 32.630706
-273.380585 33.130979
-273.380585 33.631252
-273.380585 34.131525
-273.380585 34.631797
-273.380585 35.132070
-273.380585 35.632343
-273.380585 36.132616
-273.380585 36.632889
-273.380585 37.133161
-273.380585 37.633434
-273.380585 38.133707
-273.380585 38.633980
-273.380585 39.134253
-273.380585 39.634525
-273.380585 40.134798
-273.380585 40.635071
-273.380585 41.135344
-273.380585 41.635617
-273.380585 42.135889
-273.380585 42.636162
-273.380585 43.136435
-273.380585 43.636708
-273.380585 44.136981
-273.380585 44.637254
-273.380585 45.137526
-273.380585 45.637799
-273.380585 46.138072
-273.380585 46.638345
-273.380585 47.138618
-273.380585 47.638890
-273.380585 48.139163
-273.380585 48.639436
-273.380585 49.139709
-273.380585 49.639982
-273.380585 50.140254
-273.380585 50.640527
-273.380585 51.140800
-273.380585 51.641073
-273.380585 52.141346
-273.380585 52.641618
-273.380585 53.141891
-273.380585 53.642164
-273.380585 54.142437
-273.380585 54.642710
-273.380585 55.142982
